Error
2.9346143468283117
2.9346143468283117
2.8650764208287
2.7977278740145266
2.732473351061344
2.6692188447341323
2.6078722458332777
2.548343773931265
2.490546323824674
2.4343957253731787
2.3798109400086105
2.3267141967080534
2.275031078606844
2.2246905728243296
2.175625080242753
2.1277704047970474
2.0810657115653157
2.0354534741491084
1.9908794034272432
1.9472923618741333
1.904644276946783
1.8628900381736457
1.8219873970374465
1.7818968598730862
1.742581578437239
1.704007242806256
1.6661419719457629
1.628956205677241
1.5924225980415943
1.5565159134566784
1.5212129228748381
1.486492307856679
1.452334564179182
1.4187219059094787
1.3856381783261895
1.3530687717720866
1.3210005373694003
1.2894217120483518
1.2583218389190733
1.2276916988193989
1.197523239068687
1.1678095143288376
1.1385446186177433
1.1097236326895656
1.0813425686210396
1.0533983195200562
1.0258886110968888
0.9988119583576918
0.97216762509197
0.9459555838257074
0.9201764832250775
0.89483161829412
0.8699228949844838
0.845452812500298
0.8214244358241559
0.7978413766250014
0.7747077764943242
0.7520282943733037
0.7298080930486321
0.7080528321675956
0.6867686654441059
0.6659622327424586
0.6456406679935753
0.6258116001263262
0.6064831605181098
0.5876639960333705
0.569363284856081
0.551590752787888
0.5343567025847733
0.5176720381714404
0.5015483028255403
0.48599771829321986
0.4710332308895886
0.4566685683093965
0.4429183048196137
0.42979793483391404
0.41732395719736814
0.40538184391334664
0.392482983879745
0.3785704588517547
0.36420209566131234
0.3496558596380055
0.3350712261162698
0.3206925638951361
0.3066861345432698
0.29317261930555105
0.280133206397295
0.26755347149446607
0.2554180142469704
0.24373029312118888
0.23259716387838125
0.22199152782559395
0.21194389229640365
0.20237454306334257
0.19330206094309688
0.18470836570486426
0.17658358067274094
0.16885243682190776
0.16147360485047102
0.15445142006501553
0.14776496123522523
0.14145134296268225
0.1354642496444285
0.12981458893045783
0.12447922024875879
0.11946838721632959
0.11474086344242097
0.11028640111908317
0.10605702502653003
0.10206832131370903
0.09826401295140386
0.09466219460591674
0.09125930443406105
0.08807491138577461
0.08507979335263371
0.08226283313706517
0.0795939858071506
0.0770634226500988
0.07467580540105702
0.07239179406315088
0.07023334736004472
0.06819357257336378
0.06628947844728827
0.06448632571846247
0.06280728755518794
0.0612151212990284
0.05973528325557708
0.05834727827459574
0.05706871533766389
0.05585547024384141
0.05472337920218706
0.05365761602297425
0.0526673155836761
0.0517543419264257
0.05093439528718591
0.050191753543913364
0.049518859013915055
0.048899380955845125
0.04831115622073412
0.04778388235718011
0.04731703130528331
0.046906056348234415
0.04653176758438349
0.04621688090264797
0.045935217291116714
0.045729119796305895
0.04556104261428118
0.04544812208041549
0.045370771549642086
0.04535791603848338
0.045366654638201
0.04543742770329118
0.04554891726002097
0.045715345069766045
0.045937977731227875
0.0462207985110581
0.04655408067628741
0.04693800816312433
0.047359769232571125
0.04781564045697451
0.0483356174081564
0.048900962341576815
0.04953160788863897
0.05018215253949165
0.05082492996007205
0.05138053186237813
0.05195135623216629
0.05259966151788831
0.05347062973305583
0.05461806245148182
0.05617586709558964
0.05817917454987764
0.06072256853803992
0.06382530182600021
0.06752949813380837
0.07183308713138103
0.07672373345121741
0.08218368887901306
0.08814466977491975
0.09458362264558673
0.10136032616719605
0.10845842119306326
0.11566392239183189
0.12294996180571616
0.13010707148350778
0.13701581349596384
0.14298206125386062
0.147383654024452
0.1504659168422222
0.152347945375368
0.1533257111441344
0.15346446284092963
0.15302421525120738
0.15203377092257142
0.15054536843672398
0.1486681702081114
0.1464625340886414
0.14408777840435505
0.14143908070400357
0.13862793822772804
0.13569284440018237
0.13274075812660155
0.1297154440544546
0.12661816575564444
0.1234812196344137
0.12031682662200183
0.11719198024366052
0.11408307368401435
0.11101365135982633
0.10794784687459467
0.10497756826225668
0.10209050867706537
0.09932841826230289
0.09663321333937347
0.09401121502742173
0.09143654606305061
0.08895649411715567
0.08655012398958206
0.08420066861435772
0.08189299050718546
0.07963230833411217
0.07745384168811142
0.07535922212991865
0.07335949409753084
0.071423678426072
0.06957568414509298
0.06776333204470576
0.06600750086363405
0.0642980937846005
0.06268330872990191
0.06113807670772076
0.05968280043452977
0.05828179500531405
0.05695423763245344
0.055675307638011866
0.0544425449334085
0.05324697401374579
0.05211056035477668
0.05102594930212945
0.04997684422414749
0.04896753060165793
0.047994379594456404
0.04706596035975963
0.046172226313501596
0.045325982035137706
0.044509307597763836
0.04373137518996373
0.042972685885615654
0.042261591181159026
0.04156980797415599
0.040939255617558956
0.040359912905842066
0.03984634281368926
0.039358794107101865
0.03891427535563708
0.03850356489419938
0.038138676609378315
0.037793415249325335
0.03746696683811024
0.037167198956012726
0.03689715446671471
0.036654724681284286
0.03643694490892812
0.036483512027189136
0.03713730489835144
0.038574532547499985
0.04077181819593534
0.04358551921905018
0.046791293716523796
0.05016440679901279
0.053439465002156794
0.05639651330420748
0.05878486405708827
0.060438837826950476
0.061114267009543255
0.06068748145480641
0.05898643884574995
0.05591471161460504
0.051337832352146506
0.04517758026486263
0.03732738899998367
0.02771914575714618
0.016268685925751925
0.002909237868152559
-0.012433834141120316
-0.02983498602407053
-0.04685589496511967
-0.06056065039592795
-0.07171507249586284
-0.080651713127736
-0.08792441542027518
-0.09365907008759677
-0.09824115503579378
-0.10178031073883174
-0.10453006462194027
-0.10659834195394068
-0.10804464481770994
-0.10901800775900485
-0.10954126226715744
-0.10977190767880529
-0.10970524442382157
-0.10951332328841092
-0.10914666950702669
-0.10865770967211573
-0.10806897224392742
-0.10742743569426239
-0.10674238274805249
-0.10605619638226928
-0.10539351194165647
-0.10473079094663261
-0.10408990038558842
-0.1034326378721744
-0.10284326737746596
-0.10228830203413963
-0.10184096521697938
-0.10141921741887928
-0.1010813657194376
-0.10083141317591073
-0.10072302329353988
-0.10073688067495824
-0.10086050629615785
-0.10111380182206632
-0.1014583355281502
-0.10195360984653236
-0.10250355838797985
-0.10321176564320923
-0.10415999288670719
-0.10562940780073406
-0.10783740831539035
-0.11110544530674815
-0.11566454358398916
-0.12172196502797306
-0.1294526408892125
-0.13889508228749037
-0.1501771833281964
-0.16315195336937904
-0.1778882429935038
-0.19429913861677053
-0.2122096340171993
-0.2313335845246911
-0.25127254985272884
-0.2717489432543516
-0.29230588022619486
-0.31232274835929275
-0.3311026906594634
-0.3478059461340309
-0.3612550827674567
-0.3698937208391726
-0.3736167917959392
-0.3735014055855572
-0.37056509824469686
-0.3655808144249022
-0.35902008321136236
-0.35134134627878666
-0.34285144926980143
-0.33384928433224564
-0.32440187735483056
-0.31476851878687734
-0.30509339505806565
-0.2953841439448297
-0.28579859808087354
-0.27636725548654795
-0.26720800809562206
-0.25833891192451114
-0.24962543696165082
-0.24119248567149043
-0.23307659896090627
-0.22531629027798775
-0.21782947704195976
-0.2106079263612628
-0.203699214849621
-0.19703485770151016
-0.19069697335362432
-0.18464970728382468
-0.17898568417876962
-0.17366834962740543
-0.16868879646062854
-0.16401381511241198
-0.1596051836386323
-0.1554839662276208
-0.15154519956558946
-0.14782735938206315
-0.14433324616402385
-0.14116357127204537
-0.13819780899211764
-0.1354365018196404
-0.13285932037979367
-0.13048100890591738
-0.12830535182729366
-0.12635066732764244
-0.12466443236917257
-0.12317958567291498
-0.12193989753723146
-0.12085364572703838
-0.11996422940865159
-0.11922556953504683
-0.1188632668927312
-0.1191670810803771
-0.12038312293589117
-0.12267161021009088
-0.1261098738759756
-0.1307821711525321
-0.1366147571243346
-0.14367231540381908
-0.15186963742598894
-0.16118069039657712
-0.1713706972077489
-0.18231124756857753
-0.19380382541567087
-0.2055605612695217
-0.2174211940728128
-0.22902923403307793
-0.2400868576951325
-0.2501793326810003
-0.2586623770184815
-0.26504354272037745
-0.2685213871300221
-0.2681105388328433
-0.26459279377013445
-0.2602560664527118
-0.25535756908357143
-0.2499998970888555
-0.24438402568921447
-0.23859518440440297
-0.23252956196665764
-0.22637199191376567
-0.22020005621016028
-0.21406210446730256
-0.20793986623175448
-0.20185687206685543
-0.1959052849560976
-0.19004274834878743
-0.1843561851419509
-0.1787789170630276
-0.17335327132605016
-0.16802917188033464
-0.162814806913957
-0.1577465422451496
-0.15282570431008935
-0.14813328557647765
-0.14355514151975513
-0.13915869779884815
-0.1349392447154969
-0.13090004958212376
-0.12696278817020357
-0.1231633792631328
-0.1194841703400016
-0.11593753076158465
-0.11254640435799956
-0.10932017560116945
-0.1062304861843586
-0.10325207537971436
-0.10043318546377122
-0.09772473433986306
-0.09516140865162016
-0.09265706792939456
-0.09027155092917384
-0.08799490774981678
-0.08585786470212042
-0.0838107392191887
-0.08185335714370012
-0.07996084168553354
-0.07817061268724501
-0.07646429934538901
-0.0748189896112308
-0.07323939620982856
-0.07171766553074121
-0.07024676573928446
-0.06883704115170984
-0.06752096361014992
-0.06626805558335036
-0.06509950174950062
-0.06395613844506443
-0.06287987797986716
-0.06186507502570749
-0.060939463903196156
-0.0600557717261836
-0.05922758684027941
-0.05842349375598132
-0.057671328424476094
-0.0569488819455728
-0.056271020090207464
-0.0556123434798792
-0.05498199339490384
-0.05438163923099636
-0.05382915143854916
-0.053340104524977505
-0.05287803104147315
-0.052460242877714336
-0.05208137450972573
-0.05174288753187284
-0.051405098231043674
-0.05110426421742885
-0.0508055470418185
-0.0505704224924557
-0.05038201366551221
-0.0502535467967391
-0.0501444082474336
-0.05009939178125933
-0.05008316581370309
-0.050115494697820395
-0.050173396593891084
-0.0502508519566618
-0.0503414967097342
-0.0504564821603708
-0.05057984031736851
-0.05073294800240547
-0.050937179126776755
-0.05117788136703892
-0.05145162757253275
-0.051716843561735004
-0.052034078864380724
-0.05236529343528673
-0.05273576977197081
-0.0531264552846551
-0.05360181606374682
-0.05412435031030328
-0.054730669129639864
-0.05537543195532635
-0.056063723342958845
-0.05677613691659645
-0.05755838757613674
-0.05838940403191374
-0.059280664136167616
-0.06020708399591967
-0.0611444417736493
-0.06212302634958178
-0.06315824459306897
-0.06427935697138311
-0.06542638971586712
-0.06666115182451904
-0.0679302870121319
-0.06933881915756501
-0.07086748414440082
-0.07254749926505612
-0.07427641074173154
-0.07613609946565703
-0.07816886767977849
-0.08048904471797867
-0.08316678850678727
-0.08629319031024352
-0.08994051010813565
-0.09412169246934354
-0.098903218167834
-0.10421376861631872
-0.11011806840542704
-0.11646358331199737
-0.12329040828626604
-0.13049691449850798
-0.13802360277622938
-0.14567878702655435
-0.1533326751086861
-0.16083607939071956
-0.16793183656409383
-0.17452575569041076
-0.18032487947493792
-0.18515852093696597
-0.18856234173290431
-0.19038516120053828
-0.19099844736047092
-0.19052666681818667
-0.18930917303077877
-0.18739840714260936
-0.18483381462283435
-0.18183747958391908
-0.17843257309868932
-0.17481217067688706
-0.1710044858045876
-0.1671229600906372
-0.16314951074309647
-0.15905423439107835
-0.15496742143295705
-0.15084472694434228
-0.14678175654262304
-0.14275940041989088
-0.13884439831599593
-0.13501870818436146
-0.13128410652279854
-0.1276217852719128
-0.12408218765631318
-0.12065628869459034
-0.11730322241783142
-0.1140258857049048
-0.1108385156840086
-0.10780581552535297
-0.10484447330236436
-0.10201312834396958
-0.09930309932678939
-0.09672838170081377
-0.09421919472515583
-0.09181608026847243
-0.0894930106587708
-0.08727512788027526
-0.08516577538102865
-0.08319038385525346
-0.08131114533171058
-0.07950067007914186
-0.0777724739164114
-0.07611505687236786
-0.0745505546219647
-0.0730526577681303
-0.07167175225913525
-0.07038533873856068
-0.06921934196725488
-0.06812092661857605
-0.06712770834565164
-0.06621082220226526
-0.06538042379543185
-0.06460057338699698
-0.06391896260902286
-0.06330355582758783
-0.06275018397718668
-0.06224774476140738
-0.06182594830170274
-0.0614746967330575
-0.06118989735841751
-0.06097753345966339
-0.06080025667324663
-0.06068639690056443
-0.06063032429665328
-0.06066119810566306
-0.06071696616709233
-0.06084900954738259
-0.061023531947284944
-0.06128692533820868
-0.06143084354698658
-0.06127857929095626
-0.06077180709689856
-0.060064272955060005
-0.059365811292082064
-0.05894499411806464
-0.05905248410999775
-0.05992396408692002
-0.06177092297002673
-0.06474267924204469
-0.06898894300684331
-0.07456041919067502
-0.08155843056738375
-0.08993150573223829
-0.09974764520302415
-0.11085570836439729
-0.12328194780275224
-0.13690879102796316
-0.15164825785905123
-0.1672334331087768
-0.18348234053701165
-0.2001227410510182
-0.2167869843542576
-0.23006304074078798
-0.2392659829929471
-0.24513137945905322
-0.2484461748972535
-0.2496129274368286
-0.2491659517399967
-0.24742732290178537
-0.24456957681104544
-0.24093528836965558
-0.23661270458251235
-0.2316771117039025
-0.22643602220341563
-0.22099284036085004
-0.21543815638870004
-0.20976834138855338
-0.20399217819795015
-0.19827877497300506
-0.19259161222726107
-0.18703261297196153
-0.18151241354644299
-0.17604199051856997
-0.17069042520597577
-0.16549464920535686
-0.16048342362046245
-0.155572721734643
-0.15083656273782253
-0.14624492544680834
-0.14186505181714892
-0.13763490924611688
-0.13356301700696352
-0.1296294494532049
-0.12588664842769504
-0.12231880892068149
-0.11888758046552539
-0.11563580809161067
-0.11253395397216082
-0.10960375797003508
-0.1068221339955926
-0.10419701877981423
-0.10166472150012851
-0.0992879755795002
-0.09700300265103579
-0.09484883770346642
-0.09283796045929195
-0.09107323689386249
-0.08961977483704688
-0.08857516339048743
-0.08801064360886814
-0.08798525668680669
-0.08856158051639795
-0.08975192066282034
-0.09160574106499554
-0.09408143395558001
-0.09722075518220663
-0.1009178995154798
-0.10520497523248197
-0.10998628241941333
-0.1152255879715085
-0.12074484629556537
-0.12643986195325851
-0.13211640855297446
-0.13756074151024222
-0.14255920425057414
-0.1466887672431767
-0.14960548933595422
-0.15131040988489985
-0.15200234903022647
-0.15194740286096928
-0.15121976844966412
-0.14999070391058922
-0.14828886510804296
-0.14626557659357786
-0.1439364375546575
-0.14137412328273058
-0.13863744912669063
-0.1357332319021225
-0.13271804666146636
-0.12960400246083736
-0.12648480432108045
-0.12330924486741421
-0.12019161181524396
-0.11710513010621071
-0.11406457563862203
-0.11102333618327975
-0.10804290138185024
-0.10513914050534366
-0.10228704242035747
-0.09949813690036537
-0.09678519517183304
-0.09414815530180931
-0.09153689350932837
-0.0890024765394628
-0.08650968316942455
-0.0841286014765501
-0.08183217700570822
-0.07963216700591148
-0.0774925332516432
-0.07546106446534395
-0.07350511197000742
-0.07164002396166325
-0.06985863647423683
-0.06814897689037025
-0.06648606178350747
-0.06489218794740736
-0.06336895143613219
-0.061905424343422055
-0.06051013362593949
-0.05916873272508383
-0.05790994642302394
-0.05670712958090007
-0.055577839724719524
-0.054491121787577874
-0.05347443325445057
-0.05247814627364278
-0.05152453226037324
-0.05060274992138147
-0.049755525309592485
-0.048962732311338186
-0.04822599049657583
-0.04751238878816366
-0.04685214627534151
-0.04624445200897753
-0.04567785514518619
-0.045135149965062744
-0.044635482132434845
-0.04418968851678073
-0.04379106592386961
-0.04344044462777675
-0.04311113222502171
-0.04280707472935319
-0.04253131011500954
-0.04231472103856505
-0.04213138110935688
-0.04199239937588573
-0.04185356106609106
-0.04176935972645879
-0.04172914591617883
-0.04174488689750434
-0.04177408036775888
-0.04185817553661764
-0.041981498477980494
-0.0421586660668254
-0.04236098029650748
-0.04287082375958562
-0.04416662501171231
-0.046428390778601177
-0.04958578385412693
-0.05346963391639293
-0.05783334141597152
-0.06240022904239594
-0.06690155761316419
-0.07105120946653187
-0.07462646020576359
-0.07735864259302616
-0.07905934099107981
-0.07948330952785909
-0.07850843085907401
-0.07588979648426175
-0.07154076383449137
-0.06528177252039313
-0.057031829142943025
-0.04663433111272753
-0.03400121722370386
-0.018988082418218255
-0.001495852367952466
0.01830646931193769
0.03590113436803222
0.05030213459394872
0.06213243794627488
0.07173179346136749
0.07961537316441536
0.08595361374318601
0.09114550868980587
0.09528180584311487
0.0986178293824196
0.10118184611201286
0.10316651570610702
0.1046853291336447
0.10579068423248827
0.10658011795021594
0.1070125363767147
0.1072260185610503
0.10721179447136818
0.10706297541037202
0.10674046864733099
0.10634248377755284
0.10588250495493412
0.10540386987850071
0.10490751452744006
0.10440299101173878
0.10389257175847888
0.10340188769623637
0.1030102577060461
0.10266038868576288
0.10239061526954173
0.1021629748865962
0.10208919970318675
0.1020668367855251
0.1021529589779675
0.10232018074020745
0.10259646829217674
0.1029834682121873
0.10348286712542175
0.10412928648293018
0.10489751165732741
0.10589437885209918
0.1070608370937407
0.1084761554375291
0.11011112201958896
0.11228221980854869
0.11535593215376139
0.11971472436562178
0.1256155977025628
0.13322428427636623
0.14270672574639323
0.1540155243128538
0.16725376248359683
0.18235759809613228
0.1992592574097216
0.21763542480766773
0.23721417179331183
0.2577385925687849
0.27877447474747896
0.2999501447193325
0.3206494227051735
0.34016623767092824
0.35758610535413027
0.3718306664377451
0.3816065667197108
0.3852694118395448
0.3825661139562726
0.37729953369125724
0.37027909234166145
0.36214062897488475
0.35323385708034044
0.3436804027296602
0.3338436060585082
0.32383263995870953
0.31363088311627507
0.3035191898234189
0.2935601775534451
0.2837418355047703
0.274101406801492
0.26464915508404374
0.2555261142551899
0.24664846574887633
0.23801384773105386
0.22969422116875648
0.22155927959829574
0.21372722974047065
0.2061925637535751
0.19899354642257094
0.19210763275623322
0.1855658479034901
0.17940813768655064
0.17352171754464507
0.16791789187118414
0.16252941312268376
0.15743126207962635
0.1525987726636231
0.14806379936635494
0.14377706497907639
0.13978621643036604
0.13605823228135705
0.1325365942902863
0.1292409971356392
0.1261695297434926
0.12337986379861834
0.12076234258711338
0.11837632302194834
0.11617522081360221
0.1141808363609016
0.11236796947196126
0.11079551698639989
0.10938546573743224
0.10812118370085955
0.10703103849664329
0.1061062184162438
0.10533123603090645
0.10471078054979445
0.10428367648273706
0.10398707725107671
0.10391482152044773
0.10405605472624302
0.10465536499395965
0.10592016298323871
0.10809841798618437
0.11127421539276838
0.1155211073346436
0.12085630604997277
0.12722055800259113
0.13459851103834808
0.14281732589006424
0.15184432128444314
0.1614891882054508
0.17164945020340386
0.18201986560598016
0.19236847711727026
0.20245893811807036
0.21184949087910357
0.2203223705291748
0.22745130257681015
0.23270265897735956
0.2355908916797489
0.23544898116961122
0.2314794206758961
0.22595650947187096
0.2198884035460651
0.2135354335187003
0.20697383256629112
0.20039372320752585
0.19380831974558532
0.1872951628174633
0.18089838768355548
0.17466353415511549
0.16864666098263115
0.16275763686280698
0.15712118742521852
0.15170741837937385
0.14656186796491966
0.14166034566005695
0.136988019105047
0.1325181843712926
0.12826178164687005
0.12421194213675335
0.12038819282315671
0.1167638376355171
0.1133109322981909
0.11006148962769657
0.10697176272515206
0.1040841849753633
0.10136396196321584
0.09887776518007742
0.09656050335615873
0.09443622230901383
0.09245777281466872
0.09062141293543392
0.08890783850802107
0.08732879708986731
0.08587753499159591
0.08455155172850938
0.08333464537281544
0.08221605321159586
0.08122566982638091
0.08033305179560557
0.07958034455077723
0.07894324359949678
0.07846686348784715
0.07811058335937561
0.07791907811770217
0.07781189831439406
0.07783346012001857
0.07795064535457642
0.0781952619436197
0.07857482024701312
0.07909323106287047
0.07974722021026538
0.08052632462931796
0.08142750570550561
0.0824297463404946
0.08362132322508842
0.08497806929517537
0.08656904916279017
0.08831532852491364
0.09031513123773038
0.09251407568808644
0.09496249270159753
0.09771347395144403
0.10091973643284291
0.10480461630504577
0.10965386452153325
0.11573122278787194
0.12312138569541276
0.13199182262178513
0.14222616737242788
0.1538999972399324
0.16691998508758846
0.181163972010836
0.1963644130155444
0.21220937022008002
0.22849570121616125
0.24482603464275599
0.26088958187028766
0.2762353913858533
0.2902584639377892
0.3024834510870277
0.3122204439714551
0.3187916725873947
0.3213914483785629
0.31896928837522864
0.3128046914935112
0.3049690746702253
0.29598913341760635
0.2864297083579004
0.27659522788599133
0.26662682788446546
0.25674506882205606
0.24700773740187287
0.23754039080813524
0.22835144354030487
0.21946901688352227
0.21094202576205134
0.20276934513822198
0.1950503452681005
0.187686653342098
0.18072614911943674
0.17409841576591137
0.16778663732111454
0.16176037024706605
0.15602505905553699
0.15055856388062241
0.14538520202040675
0.14088009297847748
0.1373136262409389
0.1349049634300173
0.13371733808889985
0.13377755461260676
0.13493472430855036
0.13711652439087632
0.14015130791813138
0.14389701979234815
0.14818579331040382
0.15281313564628363
0.1576288682408631
0.16235109232366085
0.16684557404369116
0.1708031315356493
0.17401293432340023
0.17610151879489422
0.1766724339686334
0.17535870429128408
0.17143357172608373
0.16433073859661818
0.15367242041975257
0.15367242041975257
0.15367242041975257
0.15367242041975257
0.15367242041975257
0.15367242041975257
0.15367242041975257
0.15367242041975257
0.15367242041975257
0.15367242041975257
0.15367242041975257
0.15367242041975257
0.15367242041975257
0.15367242041975257
0.15367242041975257
0.15367242041975257
0.15367242041975257
0.15367242041975257
0.15367242041975257
0.15367242041975257
0.15367242041975257
0.15367242041975257
0.15367242041975257
0.15367242041975257
0.15367242041975257
0.15367242041975257
0.15367242041975257
0.15367242041975257
0.15367242041975257
0.15367242041975257
0.15367242041975257
0.15367242041975257
0.15367242041975257
0.15367242041975257
0.15367242041975257
0.15367242041975257
0.15367242041975257
0.15367242041975257
0.15367242041975257
