Error
2.9346143468283117
2.864365648943931
2.7949298955500126
2.726311259903014
2.658513867296279
2.5915417931973934
2.5253990637138486
2.4600896541960537
2.3956174915656447
2.3319864510558546
2.269200357608497
2.207262985408306
2.1461780578829353
2.0859492463059723
2.0265801725909114
1.9680744046345355
1.9104354595765474
1.853666802402586
1.7977718454785645
1.7427539490163326
1.6886164196766913
1.6353625119663775
1.5829954287037253
1.5315183154307306
1.4809342678636312
1.4312463277019563
1.3824574793688953
1.334570657927543
1.2875887406989932
1.2415145528502762
1.1963508632034061
1.152100387495011
1.1087657841853797
1.0663496600463986
1.0248545641079545
0.9842829904519022
0.9446373786777258
0.9059201115742326
0.8681335160508752
0.8312798645347357
0.7953613712452352
0.7603801973164082
0.7263384433463216
0.6932381563819945
0.6610813271254301
0.6298698876053095
0.5996057139709592
0.5702906264923513
0.541926387231797
0.5145147000439465
0.488057213369757
0.4625555188395083
0.438011147081852
0.41442557517439127
0.3918002210557461
0.37013644352555275
0.34943554643541574
0.3296987726353109
0.3109273100271821
0.29312228597700596
0.276284771040082
0.26041577756404877
0.24551625922322273
0.23158711148425937
0.21862917207181454
0.20664321957156065
0.19562997529283166
0.18559010047465566
0.17652419861406088
0.16843281546607614
0.16131643718108535
0.1551754903048277
0.15001034596934917
0.1458213133737445
0.14260864444077015
0.14037253241986036
0.13911311235278845
0.13883045874536037
0.13952458975836635
0.13693561172112825
0.13283872604370117
0.1299018431454897
0.12435641279444097
0.11921978555619717
0.11421293299645185
0.10858945921063423
0.1021061111241579
0.09601802891120315
0.08927465602755545
0.08223545644432306
0.07623438257724047
0.06998554849997163
0.06335354782640934
0.05691838404163718
0.05096017383038997
0.04483238700777293
0.03923042630776763
0.03352468414232135
0.028335780836641792
0.023096539545804262
0.01838492415845394
0.0136298811994493
0.009416414890438318
0.0051680635660886765
0.0010433029383420944
-0.002298396546393633
-0.005546663887798786
-0.008786510676145554
-0.011541881598532202
-0.014309248421341183
-0.016602556221187115
-0.01891417894512415
-0.020754264201968912
-0.02262029191479087
-0.024045795667916533
-0.025511652696877718
-0.026759126223623753
-0.02765325969085097
-0.028559625614434484
-0.02912686020135879
-0.02988802036270499
-0.030248474795371294
-0.030497520696371794
-0.030619649682193998
-0.03046948090195656
-0.03028223756700754
-0.0301765869371593
-0.029783770442008972
-0.029479189310222868
-0.028910386841744188
-0.028627572581171993
-0.02800570521503687
-0.027318596374243498
-0.026289808098226786
-0.025592568796128035
-0.02464758651331067
-0.023842231370508674
-0.022807689849287268
-0.021924775559455156
-0.020815047901123762
-0.019880824722349647
-0.018711850047111515
-0.01771518401801586
-0.016508436761796474
-0.015471255872398615
-0.01441228250041604
-0.013165879994630814
-0.012075680308043957
-0.010795605834573507
-0.009677743539214134
-0.008362622000277042
-0.007226628717035056
-0.005874630995094777
-0.0047068665735423565
-0.003310960717499256
-0.0021207095123827457
-0.0006917775608599186
0.0005421694368124008
0.0020302296616137028
0.0033202124759554863
0.004868838004767895
0.006213754881173371
0.007855473551899195
0.009284939616918564
0.011044292245060205
0.012607143726199865
0.014536077622324228
0.016249146312475204
0.018418672494590282
0.02037679124623537
0.02225517714396119
0.025171017274260524
0.02773687755689025
0.030850079841911793
0.03381807031109929
0.03739031404256821
0.04036868736147881
0.044781822711229324
0.04854046180844307
0.052925531286746264
0.056884029414504766
0.06142477551475168
0.06535489531233907
0.06980836181901395
0.07254244294017553
0.07594711822457612
0.07991051417775452
0.08269166480749847
0.08184501412324607
0.0799024417065084
0.07793329353444278
0.07407927163876593
0.07045840215869248
0.06534814112819731
0.06068057776428759
0.05486537725664675
0.04958250047639013
0.043423494789749384
0.0378746974747628
0.03101623104885221
0.02613035892136395
0.020047064172104005
0.014196591917425396
0.008940953528508542
0.003424739697948098
-0.0014514049980789423
-0.00650514499284327
-0.010946916998364031
-0.015487239346839488
-0.01993014488834888
-0.023790738312527537
-0.026939076138660308
-0.030765873380005363
-0.03342986654024571
-0.036724354838952415
-0.039322410942986614
-0.04140684078447521
-0.043402016279287636
-0.04542162921279669
-0.04692799807526172
-0.04847589985001832
-0.04952692647930235
-0.05061040597502142
-0.051244520116597414
-0.051932605449110276
-0.052190981805324554
-0.052528992993757136
-0.052823255769908435
-0.05248565669171513
-0.05215815734118224
-0.051893033087253564
-0.05129895079880952
-0.05080742912832648
-0.049994329106993966
-0.04929579584859312
-0.04862705629784614
-0.04742758092470468
-0.046469285734929144
-0.045516093843616545
-0.04422012623399496
-0.04295227024704218
-0.041804424370639026
-0.040445792488753796
-0.039226231223437935
-0.037817172007635236
-0.036537482810672366
-0.03508705331478268
-0.03378382936352863
-0.03230876353336498
-0.03098609275184572
-0.029498828167561445
-0.028337091847788543
-0.026692814426496625
-0.02537881041644141
-0.024156574974767867
-0.02277176803909242
-0.02140651905210689
-0.01986810041125864
-0.018427568371407688
-0.01716533227590844
-0.01574827189324424
-0.014499818091280758
-0.013250252872239798
-0.01185795181663707
-0.010617266234476118
-0.009228285343851894
-0.007993417966645213
-0.006651905307080597
-0.005539257952477783
-0.004403186845593154
-0.00363395651220344
-0.0030297881457954645
-0.0030442033312283456
-0.0033523211022838954
-0.004318757128203288
-0.005885074206162244
-0.007693641964579
-0.010404461354482919
-0.014176725002471358
-0.01867125707212836
-0.024446537776384506
-0.031094988691620525
-0.0392417564871721
-0.04844622075324879
-0.059353426622692496
-0.0714963847422041
-0.08560187695547938
-0.10110611293930562
-0.11013667721999808
-0.1187592152855359
-0.12412448989925906
-0.1261688966769725
-0.12774849100969732
-0.12678832322126257
-0.12486014771275224
-0.12276804388966409
-0.1191726780962199
-0.1157074044458568
-0.11105588031932712
-0.10668629477731884
-0.10141625278629363
-0.09562029642984272
-0.09039378515444695
-0.08508475986309351
-0.08044482418335976
-0.07499337266199291
-0.07010010746307672
-0.06487492867745459
-0.060277892742306
-0.0554127290379256
-0.05121657135896385
-0.046830082079395645
-0.043125846423208714
-0.039275691378861666
-0.03613364440388978
-0.03286751895211637
-0.029642185429111123
-0.0277424359228462
-0.025933085707947612
-0.023983635241165757
-0.022897787857800722
-0.02171571017242968
-0.021443740231916305
-0.021058231592178348
-0.021136288298293948
-0.022191475145518783
-0.023251301608979702
-0.025379801867529753
-0.02759865391999483
-0.031030881451442838
-0.03460630541667342
-0.03957414347678423
-0.04473917349241674
-0.051442797528579824
-0.05831605149433017
-0.06683091446757317
-0.07542655034922063
-0.08573192870244385
-0.09584756311960517
-0.10762746213003994
-0.11884100968018174
-0.13034412870183587
-0.14311379194259644
-0.15436102729290724
-0.1664636041969061
-0.17583899153396487
-0.1833855309523642
-0.1904382356442511
-0.19183815782889724
-0.18840714311227205
-0.1809205305762589
-0.16980429273098707
-0.15861040679737926
-0.14368761563673615
-0.12963684927672148
-0.11300226906314492
-0.09628972178325058
-0.08082630671560764
-0.06421148357912898
-0.04741352377459407
-0.033182873856276274
-0.018863563425838947
-0.004154588561505078
0.010234847199171782
0.02215859154239297
0.03383869957178832
0.0455068377777934
0.05560724344104529
0.06561631429940462
0.07507322868332267
0.08240812551230192
0.08933313144370915
0.09607579559087755
0.10143435187637805
0.10661972919479014
0.11050943657755852
0.11426188191398978
0.11680456763133407
0.11922179581597447
0.12127234973013402
0.1217913366854191
0.1220308137126267
0.12223192350938916
0.1214606831781566
0.12068832339718938
0.11899014096707106
0.11732825264334676
0.11548059154301882
0.11234330013394357
0.10910438047721982
0.10594425816088916
0.10202744510024786
0.09823794057592751
0.09366909042000772
0.08928840840235353
0.08412653161212802
0.07913961168378592
0.07334874523803592
0.06774873938411474
0.06130567518994213
0.05503784446045757
0.047820371109992266
0.04076532041653991
0.03271662537008524
0.024816671852022413
0.015863134991377592
0.00717374635860324
-0.002567899413406849
-0.011918238829821346
-0.022295743692666292
-0.031104480382055044
-0.0427161050029099
-0.05241212574765086
-0.0628735888749361
-0.07184586534276605
-0.08012638660147786
-0.08859911002218723
-0.09310302790254356
-0.1001155059784651
-0.10192874306812882
-0.10274811880663039
-0.09787926124408843
-0.08890368370339274
-0.08165567554533482
-0.0727811602409929
-0.06299783964641392
-0.054290908155962825
-0.0461494077462703
-0.036592090502381325
-0.028500085929408673
-0.02020372380502522
-0.011492259334772827
-0.003674917388707399
0.004436612827703358
0.011623891768977046
0.01902280910871923
0.025474559050053358
0.032057581236585975
0.03772484720684588
0.04344254964962602
0.04823588184081018
0.053123454796150334
0.05709143937565386
0.061151912435889244
0.06435431004501879
0.06761712138541043
0.07008944894187152
0.0725983097217977
0.07437968300655483
0.07618121686391534
0.0773130243178457
0.07851661462336779
0.07909037941135466
0.07972647598944604
0.07976600737310946
0.07990399328991771
0.07948345062322916
0.07917316071689129
0.07885967253241688
0.0780196002451703
0.07658461725804955
0.07561122288461775
0.07422987383324654
0.07298871211241931
0.07135432143695652
0.0699068489484489
0.06853828544262797
0.06647028948646039
0.06452778889797628
0.06278339494019747
0.06096957833506167
0.05890781932976097
0.05702507053501904
0.0548987730871886
0.05318616505246609
0.05083618313074112
0.04891392565332353
0.04677038651425392
0.044842496397905045
0.042720557190477855
0.04104818741325289
0.03876762453000993
0.036927380599081516
0.03491093032062054
0.03313394903670997
0.03118375781923533
0.02947763027623296
0.02758277812972665
0.026190767763182524
0.0245047293137759
0.022619934636168182
0.020906743011437356
0.019452406675554815
0.017804852104745805
0.01644035201752558
0.014894902240484956
0.013617002114187926
0.012155893899034709
0.010963037377223372
0.00958298094337806
0.008471459266729653
0.007378909911494703
0.006128393753897399
0.00510700570885092
0.003919261507689953
0.0029633797821588814
0.0018307865248061717
0.0009500760934315621
-0.0001319333096034825
-0.0009790139156393705
-0.0020238881115801632
-0.0028071684646420185
-0.003797244455199689
-0.004548091557808221
-0.005535771022550761
-0.006258912093471736
-0.007211497693788261
-0.007915898691862822
-0.00886663672281429
-0.009542198269627988
-0.010048729192931205
-0.011192607926204802
-0.012195194081868978
-0.012918585329316556
-0.013661281263921412
-0.014331630256492645
-0.015504453098401429
-0.016617420478723943
-0.01749305083649233
-0.018692405079491436
-0.019621539511717856
-0.020919248752761632
-0.02191866294015199
-0.023340065148659054
-0.024457831867039207
-0.026004080282291397
-0.026850117661524564
-0.028981667070183906
-0.030002124316524718
-0.03243135387310759
-0.03411407128442079
-0.036385748535394676
-0.03832894575316459
-0.04090072476537898
-0.04310326796257868
-0.04511754075065255
-0.04865909897489473
-0.0514785397099331
-0.055022223270498216
-0.05758986226283014
-0.0620466722175479
-0.06542694685049356
-0.06952161039225757
-0.07214535039383917
-0.07574526872485876
-0.07923119468614459
-0.08242255332879722
-0.0853058327920735
-0.08934721583500506
-0.09066797234117985
-0.09111953456886113
-0.09159684414044024
-0.08970506861805917
-0.08514007902704179
-0.08205641666427255
-0.07731532794423403
-0.06954267690889537
-0.06459923437796533
-0.05709776235744358
-0.04885479900985956
-0.0415698722936213
-0.03479652153328061
-0.027765348087996248
-0.02020050259307027
-0.013447636738419531
-0.006325582973659039
3.8277357816696167e-07
0.0070309017319232225
0.012298662215471268
0.0182216321118176
0.023327295668423176
0.02853965712711215
0.03294205432757735
0.03742877393960953
0.04113674350082874
0.04487406881526113
0.048466654494404786
0.050967798102647066
0.05335747078061104
0.05575569532811642
0.05750575708225371
0.05964697292074561
0.06046625599265099
0.06169441435486078
0.06231930619105697
0.06301235081627965
0.06364141451194882
0.06370676076039672
0.06360433669760823
0.06297075469046831
0.06235035602003335
0.061839626636356115
0.06134275486692787
0.06005213828757406
0.05906700622290373
0.05771961389109492
0.0564954848960042
0.05491840234026313
0.05347585119307041
0.05171136790886521
0.050330292899161584
0.048529496882110834
0.046445722226053476
0.04440381471067667
0.04255652101710439
0.04040731908753514
0.038467015605419874
0.03622978879138827
0.03447142289951444
0.03191254427656531
0.029827225487679243
0.027456596493721005
0.02532808156684041
0.022893731482326984
0.020703323651105165
0.018208917696028948
0.015950035769492388
0.013367298059165478
0.011055553331971169
0.008369268849492073
0.005949825979769231
0.003132210113108158
0.0005660252645611763
-0.00213427422568202
-0.0053156265057623395
-0.008112980052828789
-0.012146213091909887
-0.015940283425152302
-0.02046357467770576
-0.02507719350978732
-0.03057015500962734
-0.036200503818690784
-0.04215394798666239
-0.04965744772925973
-0.057617944199591875
-0.0656540491618216
-0.07481563882902265
-0.08393927058205009
-0.09416317380964755
-0.10410829819738865
-0.1150829861871898
-0.12536622118204832
-0.1355718937702477
-0.1463906792923808
-0.15407891385257244
-0.1542020970955491
-0.1514999084174633
-0.14828374143689868
-0.14118125615641475
-0.13274026336148384
-0.12453877413645387
-0.11415085336193442
-0.10440831631422044
-0.09309322433546185
-0.08270624978467822
-0.07117908447980881
-0.05989340599626302
-0.04948144638910888
-0.038624584209173925
-0.02871415112167597
-0.01856775674968958
-0.009419398847967385
-0.00013376586139202118
0.008107385598123074
0.016399837099015713
0.023670504800975326
0.030908379238098856
0.03714988566935063
0.04376084543764591
0.04918793542310596
0.05413103336468339
0.0579896685667336
0.06217696005478501
0.06548295216634868
0.06868895422667265
0.07104321848601103
0.07369316974654792
0.07536507258191705
0.07627358194440603
0.07698724325746299
0.07802822440862654
0.07761108689010142
0.07754530012607574
0.07731737196445465
0.07601400092244148
0.07457378553226592
0.07314764009788632
0.07103922218084337
0.06895865127444267
0.06618553074076772
0.06343288533389568
0.059971898794174194
0.05654014879837632
0.05237563652917743
0.04824738763272762
0.043381690513342626
0.03907000878825784
0.03308248333632946
0.027720886282622818
0.022084069438278675
0.01585251186043024
0.00990553479641676
0.0034298198297619824
-0.0025114347226917744
-0.008024218957871199
-0.014327709097415209
-0.019967328291386366
-0.023352209478616714
-0.02820620406419039
-0.029979871120303873
-0.031341309659183025
-0.030656410381197933
-0.030111290048807863
-0.028017011471092697
-0.026253281626850367
-0.023221679963171482
-0.01999074686318636
-0.01631846185773611
-0.01343455631285906
-0.009478777647018433
-0.006363474298268557
-0.0030111917294561867
0.000794613268226385
0.0040773251093924046
0.007703643292188644
0.010819334536790846
0.01419417653232813
0.01703534135594964
0.020106924697756767
0.02316765720024705
0.02537543047219515
0.027598220389336348
0.02996874786913395
0.03182213520631194
0.03381565911695361
0.03531796205788851
0.03694331971928477
0.038075301330536604
0.03932810528203845
0.04012521589174867
0.041034228168427944
0.04151719459332526
0.04211245337501168
0.04252653568983078
0.042612447636201985
0.04294380592182278
0.04287578398361802
0.042721405159682035
0.04246019572019577
0.042121754959225655
0.041689418256282806
0.041188012808561325
0.04060368845239282
0.03978664427995682
0.03924643760547042
0.03829844878055155
0.037372329039499164
0.036580909974873066
0.03554750862531365
0.0346465609036386
0.03353096335195005
0.03273131023161113
0.03163185226731002
0.0303153817076236
0.029068759176880125
0.027990238042548302
0.026701226131990555
0.025589018827304244
0.024271026020869613
0.02313572680577636
0.021808268502354622
0.020657709101215005
0.019306150963529944
0.018149168929085135
0.016982756089419127
0.015870279166847464
0.014475838048383592
0.013129498576745391
0.011949215084314346
0.01059153350070119
0.009586268803104758
0.008051285985857248
0.00685282051563263
0.0054593931417912245
0.004250081721693277
0.0028206598944962025
0.0015826199669390915
0.00010731373913586141
-0.0011960873380303383
-0.002757088979706168
-0.004114413168281317
-0.0056864849757403135
-0.00699243345297873
-0.008417111588642001
-0.009403143310919404
-0.010379232000559568
-0.010731880087405443
-0.010919043561443686
-0.010173320304602386
-0.008708328241482377
-0.006730875931680202
-0.0036516659893095493
9.87011007964611e-05
0.0052823449950665236
0.011930936016142368
0.019701557932421565
0.028447801247239116
0.039655558066442616
0.052217897260561585
0.06770925829187036
0.08463929733261466
0.10296712885610759
0.11149583384394646
0.12238676729612054
0.1273496081121266
0.13041410525329408
0.1327943061478436
0.1326958944555372
0.13093459862284365
0.13000556756742299
0.12771606422029436
0.12393053318373858
0.1203789545688778
0.11563682346604764
0.11066028452478349
0.10601942846551539
0.10064227250404656
0.09571440960280597
0.09021322056651114
0.08524740440770984
0.07929501589387655
0.07502101920545103
0.06984004471451044
0.06532805226743221
0.060496879275888205
0.05637401482090354
0.05197827983647585
0.04789580637589097
0.04450625739991665
0.04099713545292616
0.03757222509011626
0.03530336590483785
0.033210402354598045
0.030519734602421522
0.028874893207103014
0.027636499144136906
0.026811648160219193
0.02644131239503622
0.02735861111432314
0.02764730714261532
0.028969751670956608
0.030167819932103157
0.0324966530315578
0.03479133592918515
0.03836321085691452
0.0419488325715065
0.04627409065142274
0.05203241854906083
0.05795904342085123
0.0643574674613774
0.07318596914410593
0.08262892020866275
0.09202660899609327
0.10149612557142973
0.11389989638701081
0.12429139437153937
0.13788039563223722
0.14953596191480756
0.1622667843475938
0.17114463075995445
0.18425226863473657
0.1892073964700103
0.19749942515045407
0.20211421046406033
0.1998914428986609
0.1921835602261126
0.17746930522844195
0.16369921108707788
0.14656036999076605
0.12880383245646954
0.11214860994368789
0.09378795605152847
0.07690777955576777
0.0590173015370965
0.04100092267617583
0.02482979977503419
0.010726651642471552
-0.004753439221531153
-0.01987229147925973
-0.032316434662789106
-0.04570595314726234
-0.05732088489457965
-0.06705070240423083
-0.07734804088249803
-0.08607605565339327
-0.09456414077430964
-0.10159072699025275
-0.10834129527211189
-0.11369186779484153
-0.1188165950588882
-0.1226504067890346
-0.12628329871222377
-0.128737339284271
-0.1310329264961183
-0.1322316457517445
-0.13329074997454882
-0.13335690461099148
-0.13332602055743337
-0.13238691072911024
-0.13143576914444569
-0.12960807653144002
-0.12782887276262045
-0.12526575475931168
-0.12277505453675985
-0.11954544065520169
-0.11689311685040592
-0.11270562000572681
-0.10910612018778919
-0.10553908348083496
-0.10087411245331168
-0.09625537088140847
-0.09231129847466946
-0.0868854899890721
-0.08261895552277564
-0.07754353154450655
-0.07179450569674373
-0.0661514364182949
-0.06131141725927592
-0.05558113334700465
-0.0496023497544229
-0.04259241186082364
-0.036446156445890665
-0.0304182032123208
-0.022880679462105032
-0.015366803389042614
-0.0081858579069376
-0.00011329958215355873
0.007575350813567639
0.015518361702561378
0.02423482527956367
0.03246955038048327
0.04042826918885112
0.049628166714683175
0.057280871318653226
0.06619893992319703
0.07287648459896447
0.08085076883435252
0.08752304711379111
0.09183671977370977
0.09599338192492725
0.09479934955015779
0.09510774607770145
0.09212726005353032
0.08372447919100523
0.07374817843083294
0.06483775563538074
0.053921768558211625
0.04503450170159339
0.0359844946069643
0.026588500244542953
0.01806330226827413
0.00937558710575104
0.001601601019501686
-0.00618754408787936
-0.013078497373498976
-0.020315676927566532
-0.025877941981889307
-0.03175953275058419
-0.03732245485298336
-0.04205460054799915
-0.04633442871272564
-0.049828992167022086
-0.05305493174819276
-0.05617653502849862
-0.059017333609517664
-0.060808210459072136
-0.06240405328571797
-0.06425005890196189
-0.0647838112199679
-0.06561769824475051
-0.06631199445109814
-0.06604471441823989
-0.06616083852713928
-0.06534424499841407
-0.0644608159782365
-0.06364671580377036
-0.0627961007412523
-0.061056348669808365
-0.05930807872209698
-0.05805436539230869
-0.05560526257613674
-0.054053922358434654
-0.05129037139704451
-0.04910128202755004
-0.046763109799940146
-0.044020130299031734
-0.041462253720965236
-0.03892975248163566
-0.035747111251112074
-0.03257997886976227
-0.029664547240827236
-0.02680435287766159
-0.023225951299536977
-0.019662800419609994
-0.016384034301154315
-0.01265135448193177
-0.009607429266907275
-0.0052590216509997845
-0.001999543805141002
0.002704711048863828
0.00668113655410707
0.010526657046284527
0.015066642779856922
0.020705264760181308
0.024930565501563248
0.030239851446822286
0.03593236824963242
0.041988952783867724
0.04853354161605239
0.05548208428081125
0.06297775683924556
0.07153119123540819
0.08037658454850316
0.08883429924026133
0.09840687247924508
0.10742084332741797
0.1175057569053024
0.1266112909652293
0.13473540963605046
0.14530985243618488
0.15336965769529345
0.16188753698952496
0.16785046854056418
0.17394151841290295
0.17629219125956294
0.17614295659586787
0.1750595266930759
0.1645976360887289
0.1567160696722567
0.14190480345860124
0.12548194499686358
0.10994860995560884
0.092984925955534
0.0772735234349966
0.06094912393018604
0.04603564692661166
0.03098286036401987
0.017417325638234615
0.00396238686516881
-0.007996346335858107
-0.01965552661567926
-0.02985080517828465
-0.04023822816088796
-0.04890109784901142
-0.05614708177745342
-0.06281343568116426
-0.06905170157551765
-0.07394848391413689
-0.07842249423265459
-0.08157951617613435
-0.0843383870087564
-0.08578262897208333
-0.08683271054178476
-0.08659262349829078
-0.08599123591557145
-0.08412945969030262
-0.08199183037504554
-0.07914558704942465
-0.07583310827612878
-0.07169011561200023
-0.06646409351378679
-0.06177857983857394
-0.056372858583927155
-0.051889202557504184
-0.04592349426820874
-0.04130204115062952
-0.03647691011428833
-0.03301135869696736
-0.029729619622230526
-0.02854023640975356
-0.028078438248485323
-0.030820400919765234
-0.037208943627774715
-0.04443201795220376
-0.054347149096429355
-0.05434714909642935
-0.05434714909642935
-0.05434714909642935
-0.05434714909642935
-0.05434714909642935
-0.05434714909642935
-0.05434714909642935
-0.05434714909642935
-0.05434714909642935
-0.05434714909642935
-0.05434714909642935
-0.05434714909642935
-0.05434714909642935
-0.05434714909642935
-0.05434714909642935
-0.05434714909642935
-0.05434714909642935
-0.05434714909642935
-0.05434714909642935
-0.05434714909642935
-0.05434714909642935
-0.05434714909642935
-0.05434714909642935
