Error
2.9346143468283117
2.843937058001757
2.736683418508619
2.630234463140369
2.5242440793663263
2.4187879348173738
2.3138640676625073
2.209484873339534
2.1056603132747114
2.002401014789939
1.8997176638804376
1.7976211351342501
1.6961225206032395
1.5952330501750112
1.4949641223065557
1.3953273887746036
1.2963346443139019
1.197997884824872
1.100329339504242
1.0033413828350606
0.9070466309785843
0.8114579049870373
0.7165882410481572
0.622450917493552
0.5290594305843115
0.4364274949766696
0.34456904418766504
0.2534982650540769
0.16322960006073117
0.07377775060012937
-0.014842355158179998
-0.10261552641168238
-0.1895262748003006
-0.2755588809959591
-0.3606973215937615
-0.44492526957765227
-0.5282261618413031
-0.6105831256136298
-0.6919789789244533
-0.7723962287418545
-0.8518170332536102
-0.9302232693880798
-1.0075964983552694
-1.0839179283939304
-1.1591684105806053
-1.233328477945179
-1.3063782672397795
-1.378297556191683
-1.4490657625719905
-1.5186619074083865
-1.5870646494440734
-1.6542522120289505
-1.7202024175785482
-1.7848926926963031
-1.8483000649139285
-1.910401046741754
-1.9711717562749984
-2.0305878794752066
-2.0886245481669903
-2.1452565081417556
-2.2004579980857675
-2.2542027556337416
-2.3064640169031922
-2.3572144862264395
-2.4064263752661645
-2.4540713340975344
-2.5001204516738653
-2.5445443112403154
-2.587312867399305
-2.628395503386855
-2.6677610827609897
-2.70537779154256
-2.741213193628937
-2.7752342494204645
-2.8074072883464396
-2.8376980293542147
-2.86607147147879
-2.892491959966719
-2.9169232188723986
-2.939328239299357
-2.9596693669445813
-2.977908195927739
-2.994005613960326
-3.0079218461178243
-3.019616370555014
-3.029047971125692
-3.0361747089773417
-3.0409539453685284
-3.0433423230424523
-3.0432958048768346
-3.0407696277834475
-3.0359279122203593
-3.030866690911353
-3.0260666366666555
-3.0214601354673505
-3.01743258908391
-3.0133674610406165
-3.009308459702879
-3.005712018813938
-3.002971034962684
-3.0009499099105597
-2.998586658388376
-2.9965736749581993
-2.995283343829215
-2.9935443815775216
-2.9920543543994427
-2.9906544289551675
-2.9888056134805083
-2.9876612620428205
-2.98699303669855
-2.98625454120338
-2.9855513563379645
-2.9848276148550212
-2.984041155315936
-2.983728658407927
-2.9838085430674255
-2.9831535918638115
-2.982533798087388
-2.9823344345204528
-2.9819119605235755
-2.981929852161557
-2.9822304733097553
-2.982868639286607
-2.9838037663139403
-2.9844342647120357
-2.984304622281343
-2.9846380311064427
-2.985757304821164
-2.985882496926934
-2.9859195458702747
-2.9863043660297994
-2.9863647241145372
-2.9861784698441625
-2.985751959029585
-2.986203952226788
-2.9873120170086622
-2.9879679623991255
-2.9883967498317365
-2.9885447612032303
-2.9889551727101207
-2.9895713827572763
-2.990368077531457
-2.9907334963791072
-2.9908354482613504
-2.991225141100585
-2.9917793939821427
-2.991927263792604
-2.991795980371535
-2.9925039559602737
-2.993242869153619
-2.9935878324322402
-2.994178882334381
-2.994349883869291
-2.994220625143498
-2.9943351643159986
-2.994037085212767
-2.9945854539982975
-2.995714432094246
-2.996306686196476
-2.9971574400551613
-2.9981229538097978
-2.9986567073501647
-2.9988700016401713
-2.9987507089972496
-2.9988545565865934
-2.9985171505250037
-2.998417519032955
-2.998453383333981
-2.998092976398766
-2.998490198049694
-2.9983262685127556
-2.9973401841707528
-2.996690715663135
-2.996639581862837
-2.99659919552505
-2.9956580949947242
-2.9950198237784207
-2.99445957923308
-2.9934863657690585
-2.9932815642096107
-2.993054082151503
-2.9924032846465707
-2.991439131554216
-2.990122217684984
-2.9884521765634418
-2.986429636366665
-2.9846005248837173
-2.983324886765331
-2.981991750653833
-2.9797495203092694
-2.977266170550138
-2.974855242297054
-2.9719306766055524
-2.9685792131349444
-2.9648070302791893
-2.961054660845548
-2.957234519533813
-2.9529112591408193
-2.9481619740836322
-2.9430126338265836
-2.9375007599592213
-2.932044578716159
-2.926581647247076
-2.920735802967101
-2.914592190645635
-2.90819296753034
-2.9015904255211353
-2.8948026318103075
-2.8878692127764225
-2.880858364515007
-2.873828066280112
-2.8668232187628746
-2.859897917369381
-2.8531224038451914
-2.8465477502904832
-2.840234258212149
-2.834251065738499
-2.828895290615037
-2.823940080823377
-2.8195209812838584
-2.8156302229035646
-2.8120643068104982
-2.8092518090270464
-2.8067104972433303
-2.804391363169998
-2.8027035957202315
-2.8020202778279786
-2.802197458455339
-2.802244493504986
-2.8018063381314278
-2.801343479426578
-2.8017440764233474
-2.8028431239072233
-2.8041202931199223
-2.8050860373768955
-2.805801467970014
-2.8067508316598837
-2.8083290613722056
-2.8104308489710093
-2.81250997306779
-2.81410565902479
-2.815826684935019
-2.818628500914201
-2.8217338995309547
-2.824684388237074
-2.8270307988859713
-2.828843374270946
-2.8306527931708843
-2.8329155591782182
-2.83605366316624
-2.839394672890194
-2.8425050266087055
-2.8448825671803206
-2.84715494280681
-2.849773836089298
-2.8520873533561826
-2.854213635087945
-2.856682897778228
-2.8599536358378828
-2.862772253574804
-2.864787351572886
-2.8677840903401375
-2.8714124604593962
-2.874012148939073
-2.877036528661847
-2.8801990539068356
-2.8823931242804974
-2.8844128111377363
-2.8872754431795333
-2.890182567411102
-2.892682708450593
-2.8960093001369387
-2.899353151908144
-2.9017224208218977
-2.90445705933962
-2.9072585153626282
-2.9090495733544235
-2.911212594946847
-2.9140567458234727
-2.916332233930007
-2.9188520725583658
-2.92205871862825
-2.924695978348609
-2.927561246440746
-2.9305049026152115
-2.93239207204897
-2.934590318705886
-2.9368625257629906
-2.9381048959912732
-2.939683990611229
-2.9413186029996723
-2.9424827774637383
-2.9438763141515665
-2.945360883779358
-2.9469490360352215
-2.9492106379475445
-2.950856254610699
-2.9521282555651855
-2.954163804475684
-2.9561464916332625
-2.957663552835584
-2.9587898078025323
-2.960068849730306
-2.961416741891299
-2.9628120311535895
-2.964266683440655
-2.965738122933544
-2.967259112367174
-2.968392039590981
-2.969930169550935
-2.9718031787779187
-2.9734599124640235
-2.9757347356062382
-2.978517483337782
-2.981205371004762
-2.9846715884632435
-2.9887845613993704
-2.9928941619873513
-2.9979154891043436
-3.003705252835062
-3.009571996488376
-3.015703590179328
-3.022875553055201
-3.030964843404945
-3.039261867350433
-3.048755580210127
-3.0592886043014005
-3.0701304647955117
-3.081449527933728
-3.0932675166986883
-3.106502780748997
-3.1210561094339937
-3.124460060091223
-3.1259398357942705
-3.1307463969569644
-3.1358426067745313
-3.1410840232856576
-3.145348849357106
-3.1506546976743266
-3.1561126908054575
-3.1605049793142825
-3.1650176933035254
-3.170261372695677
-3.174731804756448
-3.178785646799952
-3.183137334883213
-3.1869876459240913
-3.1913141643162817
-3.195971436565742
-3.2009968210477378
-3.2064302915241574
-3.2115159528329973
-3.2156012987252325
-3.2204543608240783
-3.2265926094260067
-3.2314350043889135
-3.2362972623668615
-3.2418517614714797
-3.247041000518948
-3.2537041145842522
-3.261398710310459
-3.26946605858393
-3.278819011989981
-3.2890166784636676
-3.299718037014827
-3.310263365972787
-3.299791561905295
-3.1990838572382927
-3.0955015989020467
-2.9986944841220975
-2.894349687732756
-2.795267035719007
-2.6965327309444547
-2.599602880422026
-2.504355452489108
-2.4098463114351034
-2.3168881526216865
-2.2265066164545715
-2.137497372459621
-2.0495879244990647
-1.9640242266468704
-1.8811978679150343
-1.8004880603402855
-1.7214436200447383
-1.644782864023
-1.569856455549598
-1.496770933736116
-1.4266711925156415
-1.3588107116520403
-1.292682012077421
-1.228974956087768
-1.167566486634314
-1.107915193773806
-1.050672577228397
-0.9956455654464662
-0.9423776557669044
-0.890892812050879
-0.8417567815631629
-0.7948158443905414
-0.75058354716748
-0.6935905278660357
-0.6284975111484528
-0.5692419097758831
-0.511751285288483
-0.457817773334682
-0.406686463393271
-0.3579995781183242
-0.3118764557875693
-0.2683237134478987
-0.2282424485310912
-0.19149866560474038
-0.15751001145690682
-0.12637065211310983
-0.09742120746523142
-0.07116122497245668
-0.04725890187546611
-0.025671161245554686
-0.006182074546813964
0.0113362492993474
0.02716231532394886
0.04140226449817419
0.054355764761567116
0.06621072860434651
0.07726976694539188
0.08776651229709387
0.09805655106902122
0.10845983773469925
0.11933822371065618
0.1311807045713067
0.1442705374211073
0.15944978781044483
0.17696599429473284
0.19755183206871152
0.2190644610673189
0.2407818960491568
0.2627151124179363
0.2845631625968963
0.3063704289961606
0.3280499114189297
0.3495125211775303
0.3708169104065746
0.3918575795833022
0.412597494199872
0.43308932520449167
0.4531602116767317
0.4727922240272165
0.4920850917696953
0.5110631745774299
0.5295999699737878
0.5477580367587506
0.5655227892566472
0.5828124894760549
0.5997039605863392
0.6162483282387257
0.6325388867408037
0.6484194525983185
0.6637972043827176
0.6788111485075206
0.6932954844087362
0.7072651989292352
0.7211009475868195
0.7347716169897466
0.7480478202924132
0.7606008898001163
0.7728996397927406
0.7850905377417803
0.7967146830633283
0.8078310911078006
0.8189595779404044
0.8299770334269851
0.8404491594992578
0.8506915729958564
0.8603982341010123
0.8699236501706764
0.8791680731810629
0.8876444239867852
0.8959613022161649
0.9043208695948124
0.9126909519545733
0.9205176909454167
0.9279433060437442
0.9354719154071063
0.9427448860369622
0.9495251722401008
0.9561803871765733
0.9629416899988429
0.9691484887152908
0.9749602050287649
0.9806421495741234
0.9861823207465933
0.9918579685036093
0.9973276635864751
1.0026529618771747
1.0078130426118153
1.0128636275185274
1.0174375715432689
1.0213142934953794
1.0251828767359257
1.0292461412027478
1.033121068845503
1.0368895538849756
1.0405546764377505
1.044086426962167
1.0472154110902918
1.05002138344571
1.0530996604356915
1.055970921064727
1.0587570299976505
1.0617708811769262
1.064299447054509
1.0665525444201196
1.0687462283531204
1.0704825607826935
1.0725154857500456
1.0747017727117056
1.0767600446706638
1.0787319066585042
1.0806338880211115
1.0824258811771872
1.0838230799417943
1.0851687449612657
1.0860923399450257
1.0870193269802257
1.0878510883776469
1.0883056067395955
1.0890291853575038
1.0896114622591995
1.0901229724404402
1.0905330975074323
1.0905591489281503
1.0902445263345726
1.0899138672975826
1.0894850682234392
1.0889470591209829
1.0886104385135698
1.088111842283979
1.0872491487534717
1.0862936828052625
1.085212365433108
1.0840067973476837
1.082650654774625
1.0809183699311689
1.0790731531451458
1.0770755989942697
1.0746757999295369
1.0718825788935649
1.0689680139184927
1.0660802763304673
1.062929954758147
1.05937102707685
1.055388178298017
1.0511798440420534
1.0468627526133787
1.0420160453941207
1.0367269565467725
1.0311187706538478
1.0249602945987137
1.0183254751027562
1.0112474587513134
1.0037043796619403
0.9956599910510704
0.987179255229421
0.9782666983664968
0.9689380162162706
0.9592672116123141
0.949274990009144
0.9389967992901802
0.9285583004821093
0.9179769221227616
0.9072733698412776
0.8966678504366425
0.8861665899166837
0.8757685974705965
0.8656256404938176
0.8559621224412692
0.8468185388483108
0.8382036546245217
0.830265729688108
0.8232293636538088
0.8172848289832473
0.8125786895398049
0.8092756392434239
0.8072748431004584
0.8063987866044047
0.8065790126565845
0.8079553681891412
0.8103206790983678
0.8130569439381361
0.8164000788237901
0.8205561065115036
0.8249638949055226
0.8294642986729741
0.8346576443873346
0.8403221990447491
0.8458090082276613
0.8514423840679229
0.857284365221858
0.8632889485452325
0.8696877600159496
0.876124613918364
0.8821882172487676
0.8881676085293292
0.8944468502886593
0.9004841013811529
0.9065854125656186
0.9129234720021486
0.9192196642979981
0.9251958481036127
0.9306748453527689
0.9364799582399428
0.9424320170655848
0.9480342823080719
0.9533301400952041
0.9583217473700641
0.9635690795257688
0.9686883892863989
0.9737571734003724
0.9787053321488203
0.9830017788335682
0.9876042548567058
0.9923438793048264
0.9969452028162779
1.0011366521939635
1.005021800287068
1.0088305375538766
1.0122297224588694
1.0155999502167106
1.0188620807603002
1.0223343400284648
1.025929600931704
1.029075212776661
1.0318500506691635
1.0345628908835351
1.037151222117245
1.0393108739517627
1.0414336384274065
1.043703299947083
1.0457960688509047
1.0477453735657036
1.0495442240498962
1.050913659390062
1.0521602421067655
1.053258940577507
1.0538993366062641
1.054422517772764
1.055014593526721
1.0553392535075545
1.0554594919085503
1.055322801694274
1.0544503876008093
1.05337948910892
1.05201677326113
1.0503247762098908
1.0483423275873065
1.045577329583466
1.0422120010480285
1.0380758834071457
1.0330699807964263
1.02710046665743
1.0200987309217453
1.0120638897642493
1.0029540034011006
0.9928185157477856
0.9816217734478414
0.9693812178447841
0.9562109308317304
0.9420737577602266
0.9270276459865274
0.9112201817333697
0.8946487666107714
0.8773946315050125
0.8596193804405631
0.8413985101506114
0.8228258332237601
0.8040372212417424
0.7852546158246697
0.7666018093004823
0.748249044176191
0.7314911056309938
0.7179113323800266
0.7072830824181439
0.6992342732846737
0.6934414766728878
0.6897757169790565
0.6878715772181749
0.687535504810512
0.6886254148557781
0.6908090533688664
0.6940588089637458
0.6982438047416508
0.7030923250131309
0.7085665953345597
0.7148355888202786
0.7215521424077451
0.7283960017375648
0.7357157594524322
0.743289259262383
0.7509122309274971
0.7588153718970716
0.7670088675804436
0.7752587255090475
0.7834313660860063
0.7914517456665636
0.7285632300190628
0.607814334332943
0.4853764893487096
0.3650063262321055
0.2459406042471528
0.12864042446017265
0.01322877174243331
-0.10006823763251306
-0.2110800207592547
-0.31977760605514044
-0.4258441189303994
-0.5292619252577425
-0.6299947137013078
-0.7282519312575461
-0.8241489538922906
-0.9168948498554528
-1.006908250041306
-1.094706467818469
-1.179523579776287
-1.2619109223596752
-1.3422008212655783
-1.4199798461049795
-1.4953492349013686
-1.5683203167282047
-1.6394795747473836
-1.708802656736225
-1.7758057964965699
-1.8405968281440432
-1.9038720303215086
-1.964885342400521
-2.024451150558889
-2.0831380211748183
-2.1403451059013605
-2.1962488959543407
-2.250910674687475
-2.3042773753404617
-2.356454716064036
-2.4081787513569
-2.458555976860225
-2.5077743101865053
-2.5565447472035885
-2.604696043301374
-2.6514367130585015
-2.6968353749252856
-2.7415938647463918
-2.7854783586226404
-2.82832672726363
-2.8698469051159923
-2.910485581494868
-2.949448634404689
-2.985378130339086
-3.0187023351900284
-3.051732981577516
-3.08404871635139
-3.115415190346539
-3.146241731010378
-3.175301630981267
-3.2037418182007973
-3.2322304556146264
-3.2601158991456036
-3.2862314363010228
-3.310918991919607
-3.335590295959264
-3.360090881120413
-3.3838564036414027
-3.406989868264645
-3.43020878918469
-3.4534781049005687
-3.476146087516099
-3.4977185539901257
-3.5189964435994625
-3.539878602605313
-3.5597598440945153
-3.578749593347311
-3.5969074228778477
-3.6149211865849797
-3.633342623477802
-3.651467829011381
-3.669390927534551
-3.687756947940215
-3.705827652476728
-3.723115613916889
-3.739086624467746
-3.75513321487233
-3.771015989594162
-3.7861770030576736
-3.8013831134885545
-3.8158312998712063
-3.8303309185430408
-3.8447732625063513
-3.8585424558259547
-3.872396947350353
-3.8855326331686224
-3.89876610902138
-3.9126441727858037
-3.926392986671999
-3.9401556602679197
-3.9539040210656826
-3.9669806996826082
-3.9789175838232045
-3.991091651143506
-4.003885925281794
-4.015961658908054
-4.027556529268622
-4.038611742667854
-4.0497939579654485
-4.061657383106649
-4.073459227336571
-4.084672604687513
-4.094711489509791
-4.105009781895205
-4.115973806008697
-4.126869562780485
-4.137846866156906
-4.1481971009634435
-4.1586908805184075
-4.169470244087279
-4.179808634566143
-4.189523197710514
-4.198537465184927
-4.207388188224286
-4.215865383157507
-4.223875452997163
-4.231325686443597
-4.238123158924282
-4.244675969239324
-4.250774251064286
-4.255777980433777
-4.259702289476991
-4.262361062690616
-4.264028579462319
-4.264462721999735
-4.263384563382715
-4.260416742414236
-4.256042772438377
-4.254008885705844
-4.252805409021676
-4.251426229951903
-4.249964390648529
-4.248721735551953
-4.247768331784755
-4.247357665095478
-4.24723698454909
-4.24715371709317
-4.247414072742686
