Error
2.9346143468283117
2.9346143468283117
2.8524771817028522
2.754723366815597
2.6499786260537803
2.5418437686748803
2.4321523918770254
2.3219450390897696
2.2118669692426924
2.1023537861183286
1.9937262795865538
1.8862425163388252
1.7801281595602632
1.6755948783829808
1.572851789649576
1.4721125140786173
1.3735992349684238
1.2775444583967328
1.184190806467086
1.093788966536522
1.0065938103944063
0.9228587364777923
0.8428283678367734
0.7667299313470722
0.6947638657875359
0.6270944038406014
0.5638410500250758
0.5050718677230179
0.4507993566803634
0.40097941225394607
0.3555134586058557
0.31425346760079265
0.27700923755764967
0.24355712160468102
0.21364936046302319
0.1870232550427318
0.1634095748886466
0.14253982668742537
0.12415216257795691
0.10799591382965446
0.09383481275290251
0.08144906675443055
0.07063646102324128
0.061212700325995684
0.05301116220653058
0.04588222317397595
0.03969231154769659
0.03432277403771877
0.029668656643480062
0.025637463200837374
0.02214792650192976
0.019128837157040838
0.016517941839993
0.014260919764637949
0.012310455087572336
0.010625388938933611
0.00916996505111456
0.007913150824606419
0.0068280380219221115
0.0058913156390190125
0.0050827967934310445
0.00433369679376483
0.0036494261585175995
0.0030299825593829155
0.0024741315282881264
0.001981873996555805
0.0015478353016078472
0.0011720149777829647
0.0007961946539580821
0.00047775264829397207
0.00021668896079063418
-4.437519237399102e-05
-0.00030543887987732887
-0.0005111605860292912
-0.0006615398451685905
-0.0008119186386466026
-0.0009622983634471894
-0.0011126776225864887
-0.0012630564160645008
-0.0014134356752038002
-0.001509616617113352
-0.0015515983104705813
-0.0015935809351503851
-0.0016355626285076144
-0.0026193833909928803
-0.005399042274802923
-0.009000119753181934
-0.012868608813732864
-0.016611403319984674
-0.02005716459825635
-0.023052358999848366
-0.025599480606615543
-0.027650840580463413
-0.029275087174028158
-0.03046529134735465
-0.03132452117279172
-0.031840152107179165
-0.0321149998344481
-0.032133799046278
-0.03200142504647374
-0.03168636607006192
-0.03121850080788136
-0.030587933026254177
-0.02989750262349844
-0.02912356005981565
-0.028338832315057516
-0.027524480130523447
-0.0267290510237217
-0.025926435366272926
-0.025155443698167797
-0.024394063279032707
-0.02367055183276534
-0.022968741599470373
-0.02230382570996881
-0.021671905647963285
-0.021074479911476374
-0.020511156879365448
-0.019976266659796238
-0.01947490405291319
-0.018998238258063793
-0.018551921471953392
-0.018126176670193672
-0.017731817439198494
-0.017354050651192665
-0.017011176329106092
-0.01667849626392126
-0.016385397408157587
-0.016099632252007723
-0.01584891602396965
-0.015600572805851696
-0.015387745574116709
-0.015176062472164631
-0.014960058964788914
-0.014724971260875463
-0.01450537983328104
-0.014284639153629541
-0.014087355230003595
-0.013899970799684525
-0.013736349996179342
-0.013586592394858599
-0.013459122739732265
-0.013342102989554405
-0.013243781868368387
-0.013161213137209415
-0.013093919493258001
-0.013046135194599628
-0.013009952381253242
-0.012991408351808788
-0.012981618288904428
-0.012992632109671831
-0.01300840638577938
-0.013047441840171816
-0.0130861378274858
-0.013152776751667261
-0.01321773836389184
-0.01331464992836118
-0.013407513499259949
-0.013531665783375502
-0.013651007786393166
-0.013761423528194427
-0.013845819514244797
-0.013944248668849468
-0.01403776090592146
-0.014157031662762165
-0.01428321795538068
-0.014438743237406015
-0.014609890524297954
-0.014810583088546993
-0.015031696297228336
-0.015281568747013809
-0.015560518484562635
-0.015865515451878313
-0.01620762934908271
-0.016574775334447622
-0.016985184513032436
-0.017417296767234802
-0.01790425181388855
-0.018413790501654148
-0.01898136641830206
-0.019573046825826168
-0.02024279767647386
-0.020935632288455967
-0.02172960340976715
-0.022549167275428772
-0.023404651787132028
-0.024243846535682675
-0.025190688204020262
-0.02617334155365825
-0.027309899218380448
-0.028524614870548252
-0.029934420716017488
-0.03147063450887799
-0.033248044084757566
-0.03541196580044926
-0.03856922569684684
-0.041974060935899615
-0.04533676058053971
-0.04822057718411088
-0.050643680617213256
-0.052416066871956
-0.053679355420172215
-0.0543422361370176
-0.05458590411581099
-0.05435496917925776
-0.05382392392493785
-0.052963256603106856
-0.05191532452590764
-0.05065667629241944
-0.04930080147460103
-0.04782567801885307
-0.046319576911628246
-0.04475611611269415
-0.04320176830515266
-0.04163958539720625
-0.040113115683197975
-0.03861156047787517
-0.03716059995349497
-0.035748991183936596
-0.03439459064975381
-0.033088915748521686
-0.031840408220887184
-0.03065059590153396
-0.029514531954191625
-0.028437758097425103
-0.02741042256820947
-0.026443688781000677
-0.025519092683680356
-0.0246534738689661
-0.023824033443816003
-0.023055692319758236
-0.022316485759802166
-0.02163251768797636
-0.020971343852579594
-0.020364187890663746
-0.01977243123110384
-0.019194672349840406
-0.018606570200063288
-0.018053678330034018
-0.017508372198790315
-0.01700463960878551
-0.016515535768121484
-0.0160662125563249
-0.01563821593299508
-0.015245819347910585
-0.014876631554216148
-0.014537008712068202
-0.014219820033758877
-0.01392704143654555
-0.013651351502630861
-0.013394841284025459
-0.013158625923097134
-0.012937144085299222
-0.012738640478346499
-0.012550280895084144
-0.012382865766994655
-0.012221396784298124
-0.012082386645488438
-0.011947013554163277
-0.01183355785906315
-0.011720214970409872
-0.011630492808762938
-0.011539712897501886
-0.011445810494478794
-0.011331829067785293
-0.011230541800614448
-0.011126064462587237
-0.011041950609069318
-0.010962075961288065
-0.01090393221238628
-0.010853240499272943
-0.010823443357367069
-0.010805678466567771
-0.010806814883835615
-0.01082349696662277
-0.01085746189346537
-0.010909631877439098
-0.010977318859659135
-0.011064749414799735
-0.011165756091941148
-0.011293048388324678
-0.011433920881245285
-0.011605565639911221
-0.011790480697527528
-0.01201574705191888
-0.012254495435627177
-0.012544210185296835
-0.012850067752879115
-0.013217350177001208
-0.013605718093458561
-0.014020437432918698
-0.01444028690457344
-0.01493028097320348
-0.015468870173208416
-0.016111876466311514
-0.013455550302751362
-0.006925028545083478
0.0012416720855981112
0.009703555318992587
0.017698356765322387
0.024798810249194503
0.03085839143022895
0.035814898321405046
0.03974960348568857
0.042722993064671755
0.04489188897423446
0.046337997424416244
0.047218929044902325
0.04759611806366592
0.04761082329787314
0.047298459219746285
0.046781263314187534
0.046068662195466466
0.04526594025082887
0.0443574138917029
0.0434421761892736
0.04248122731223703
0.04155928059481084
0.0406237579882145
0.03976817987859249
0.03892211988568306
0.03817472886294127
0.03744991659186781
0.03675059345550835
0.036036284174770124
0.03540621232241392
0.034807515097782016
0.03431969718076289
0.033880450064316385
0.033558598486706614
0.033305987948551774
0.03317354456521571
0.0331157932523638
0.03317440976388752
0.03331923903897405
0.033582278760150075
0.033933207392692566
0.034403049387037754
0.0349777196533978
0.035677092615514994
0.036503595532849424
0.03746833535842598
0.03858169401064515
0.03985000378452242
0.04130281251855195
0.042939858511090286
0.04481563577428461
0.04691954609006643
0.04931248864158988
0.05200202902778983
0.055060031358152635
0.05851637478917837
0.06244807643815875
0.06693274807184935
0.07201378885656595
0.0778771326877177
0.08442587917670608
0.09208724275231363
0.10039686271920802
0.10862164758145808
0.11557430587708951
0.12155890557914971
0.12585199577733874
0.12853390164673328
0.1296108365058899
0.1292192623950541
0.12766541028395295
0.12504795799031854
0.12174589140340686
0.11776177398860455
0.11365945916622877
0.10931876767426729
0.1049521225504577
0.10048783011734486
0.09609194379299879
0.09171355282887815
0.087486085947603
0.08336085127666593
0.07942844228819014
0.07563947746530175
0.07207892509177327
0.06868597818538548
0.06552422791719437
0.06253095902502538
0.059760861098766334
0.05715170316398143
0.054760491475462914
0.05251829372718931
0.050483830273151405
0.04858070332556964
0.04687281884253026
0.045273345429450274
0.04385821986943483
0.04253323795273901
0.04137991461902857
0.04030292294919491
0.039292080327868455
0.03830171329900623
0.0374234258197248
0.03659589122980833
0.03589341789484024
0.03525817301124334
0.034747591242194176
0.03430807404220105
0.033988607116043575
0.03373651346191764
0.033597991801798344
0.03353901347145438
0.03358921548351646
0.033726566936820745
0.03396837040781975
0.03430306585505605
0.03474121633917093
0.035281882621347904
0.03592936228960753
0.03669782169163228
0.03758700378239155
0.03861607564613224
0.03978031547740102
0.04113221215084195
0.04264735570177436
0.044393081683665514
0.04634177312254905
0.04857791308313608
0.05108275916427374
0.05395390000194312
0.05718763871118426
0.06091283820569515
0.06515405094251037
0.07003541756421328
0.07566522154957057
0.0821318575181067
0.08802965143695474
0.09145703562535344
0.09299692488275468
0.09311338607221843
0.09219004702754319
0.09045358677394688
0.08818527846597135
0.0855050201062113
0.0826038478408009
0.07951889303512871
0.07639227947220206
0.07323279418051243
0.07013400853611529
0.06708617205731571
0.06415241537615657
0.061302126152440906
0.058586387662217014
0.05598206748254597
0.05352048575878144
0.05118567077443004
0.0489860421512276
0.046907987212762244
0.0449531339108944
0.0431066183373332
0.041369157144799835
0.039734691847115755
0.03819765243679286
0.036757417023181915
0.03540232521481812
0.03414113097824156
0.032949366606771946
0.03184494632296264
0.03079738281667232
0.02983788889832795
0.02892230194993317
0.02808165713213384
0.027274323860183358
0.026536564691923555
0.025820197537541393
0.025171270477585498
0.02453753270674497
0.023964377120137215
0.023402939783409238
0.022849408676847816
0.02227720164228231
0.021737730014137927
0.021208220394328237
0.02071990538388491
0.020249333116225902
0.019818561384454366
0.019411268061958253
0.019039745326153934
0.018694788683205843
0.018378688720986247
0.01808676158543677
0.017817371990531686
0.017568845301866535
0.017336666001938287
0.017130510532297194
0.01693407678976655
0.01676267245784402
0.016596489935182035
0.016457416815683246
0.016318777110427618
0.0162081615999341
0.016096057021059096
0.016014139633625746
0.01592553802765906
0.01586507330648601
0.015793800121173263
0.015711855608969927
0.015600041311699897
0.01550157356541604
0.015394860063679515
0.015309002483263614
0.015221651003230363
0.0151574703049846
0.015095789276529104
0.015055494790431112
0.015027022862341255
0.015018194972071797
0.015023359097540377
0.0150444433093071
0.015076912939548492
0.015119412331841888
0.015180703427176924
0.01524881977820769
0.015334178635384887
0.015424234443344176
0.015536823368165642
0.015647220716346055
0.015782824950292703
0.015912901726551357
0.01608032319927588
0.016237240401096645
0.016383258276619014
0.016487758141011
0.016662882291711867
0.016846481303218752
0.017029553244356066
0.01718493312364444
0.017361142032314095
0.017538520798552785
0.01774637104244903
0.017959867196623236
0.018203837331384424
0.01846105803269893
0.01874724548542872
0.01906234706984833
0.019405421975534413
0.019776999833993617
0.0201705819927156
0.020602462842362
0.021052675641840324
0.02155036886688322
0.0220656770397909
0.02262629690812901
0.023200494586490095
0.023837479995563626
0.024489813309628516
0.02521107578650117
0.0259485156275332
0.026769329560920596
0.027601997717283666
0.028538951592054218
0.02949159627314657
0.030459426343441013
0.03138624120038002
0.0323991208570078
0.03342385333962738
0.03457613964565098
0.035773147246800356
0.03712661622557789
0.03854765999130905
0.04015527479350567
0.04185059515293688
0.043766382150352
0.04580134619027376
0.04808600060641766
0.05052698357030749
0.053295566234737635
0.05633722990751266
0.05942185269668698
0.06194815319031478
0.06417304370552301
0.06576571217738092
0.06685160426422954
0.06727687967941165
0.06722968886606395
0.06664540246129036
0.06572470651008189
0.06442943960428238
0.0629273527301848
0.06118243909440935
0.059359327191486955
0.057393223512917764
0.055426981532946236
0.05339969927445054
0.051333564333617694
0.04920854885131121
0.047142920549958944
0.04509392846375704
0.04314994439482689
0.041260868310928345
0.03949295869097114
0.03780052252113819
0.036228880286216736
0.034739297814667225
0.033359982538968325
0.032064483501017094
0.030867810826748613
0.02974659064784646
0.028710200916975733
0.027742409612983465
0.02684553805738688
0.026017173193395138
0.025249728467315435
0.024538164492696524
0.023875541053712365
0.023270273115485907
0.02270533097907901
0.022196850273758173
0.02171935746446252
0.02129486389458179
0.020894854329526424
0.02054525725543499
0.02021032851189375
0.019927841145545244
0.019656370859593156
0.019434265792369843
0.019217165652662516
0.019001679960638285
0.01876578899100423
0.01855911361053586
0.018353550229221582
0.018186612520366907
0.018029378727078438
0.017911765724420547
0.01781270792707801
0.017753771971911192
0.017716029193252325
0.01771361567080021
0.017738696187734604
0.01779509475454688
0.017880964558571577
0.0179951642639935
0.018144192174077034
0.018317584414035082
0.018530376721173525
0.01876448653638363
0.019048187416046858
0.019351910334080458
0.019714195746928457
0.020094947423785925
0.020542259328067303
0.02100492548197508
0.021555016748607162
0.022120570763945583
0.022709959652274847
0.023271803744137287
0.0239132777787745
0.024581363424658772
0.025365722831338647
0.026212330907583237
0.027202503755688667
0.02829325245693326
0.02956002159044147
0.030965895392000675
0.032592338509857655
0.03440200863406062
0.03649689536541701
0.03885947167873383
0.04263463243842125
0.04948192415758968
0.0577964810654521
0.06615808932110666
0.073582433629781
0.07980291219428182
0.08448691992089154
0.08783846255391838
0.08975940803065897
0.0906189470551908
0.09038066724315287
0.0896062022075057
0.0882021738216281
0.08639894519001245
0.08415957400575282
0.08168889908120035
0.07895847084000707
0.07613923540338874
0.07319972338154912
0.07027435302734375
0.06732168048620224
0.06446478655561803
0.0616439855657518
0.05895583983510733
0.056332992389798164
0.05386948538944125
0.0514899673871696
0.04927986301481724
0.04715781705453992
0.045202909503132105
0.043337094597518444
0.041552184149622924
0.03981383889913559
0.03819625452160835
0.0366554781794548
0.0352447503246367
0.03391868155449629
0.03271817462518811
0.03160247718915343
0.030601711478084326
0.02968604676425457
0.028872531838715073
0.02814198238775134
0.027500118594616655
0.026937120594084266
0.0264524114318192
0.026043094228953127
0.02570236893370748
0.02544075855985284
0.025242383591830734
0.025126801803708076
0.02507178485393524
0.025107561610639095
0.025202654302120212
0.02540321834385395
0.025667670648545027
0.026063246186822653
0.026533620897680518
0.0271632568910718
0.027883883100003004
0.028822203632444147
0.02988468622788787
0.031111686024814844
0.03245885530486703
0.03414549259468913
0.036162728909403086
0.038732425309717655
0.041586983948946
0.044351090677082546
0.04672790737822652
0.04864866379648447
0.050022367388010025
0.05090763373300434
0.05130412615835667
0.0513017731718719
0.05093281390145421
0.05028024408966303
0.04938353691250086
0.04830492194741964
0.04708494804799557
0.04576408723369241
0.044375316705554724
0.0429414389654994
0.04149598069489002
0.040044094901531935
0.0386178377084434
0.037208322901278734
0.035849618259817355
0.03452021162956953
0.03325094887986779
0.03201815113425255
0.030858328565955162
0.029733628034591675
0.028682505246251825
0.02766531938686967
0.026721554342657328
0.025808234233409163
0.02492104610428214
0.024034795118495822
0.02320085116662085
0.022386419354006648
0.021630431059747934
0.020906319143250588
0.020239948062226176
0.019607699243351817
0.019027505768463016
0.018477645702660084
0.017972387140616775
0.01749696396291256
0.01705896924249828
0.016651724698022008
0.01627530693076551
0.015930266585201025
0.015608774498105047
0.015317203709855676
0.015042726183310151
0.014796286122873424
0.014561706688255072
0.01435412815771997
0.014155357144773006
0.013984468765556812
0.013816025806590916
0.013680413132533431
0.013543085660785435
0.013438506517559288
0.013330624904483557
0.013217782834544778
0.013083893107250333
0.01296455366536975
0.012841945514082909
0.012740590376779437
0.012645144946873186
0.012572086881846188
0.012512329500168562
0.01247440278530121
0.012448041466996074
0.012439706828445198
0.012448516208678484
0.012474292423576117
0.012518660863861443
0.01257596048526466
0.012657649349421264
0.01275031385011971
0.012868115212768316
0.012993072159588339
0.013151508057489991
0.013313957257196307
0.013513368554413319
0.013717534951865675
0.01396278850734234
0.014209903543815017
0.014459489844739439
0.014686763053759934
0.014948636293411255
0.015213392442092298
0.015528815798461437
0.015868367394432425
0.01626859907992184
0.016706005204468966
0.017212046775966883
0.017769545549526814
0.018406026298180223
0.019111791159957647
0.01990852877497673
0.020806508138775826
0.021815073676407337
0.02296012337319553
0.024248549714684486
0.02470080042257905
0.019902659114450216
0.011864692438393831
0.0024048686027526855
-0.006981360726058483
-0.015570231014862657
-0.02291162731125951
-0.02912200102582574
-0.034078232012689114
-0.03802494215779007
-0.040949165588244796
-0.04310625116340816
-0.04451523395255209
-0.04539719526655972
-0.045771422795951366
-0.04581305896863341
-0.04553336696699263
-0.04506727796979248
-0.04440856259316206
-0.04366491362452507
-0.04282646346837282
-0.04197067115455866
-0.04108385182917118
-0.04022114258259535
-0.03937345836311579
-0.038575269747525454
-0.037814478389918804
-0.03711392544209957
-0.03646965557709336
-0.035891934763640165
-0.035388887859880924
-0.034952002577483654
-0.034596579149365425
-0.03430757066234946
-0.03410272253677249
-0.03395997639745474
-0.033916345331817865
-0.03393125254660845
-0.03405405068770051
-0.03423133585602045
-0.03452709596604109
-0.03487780597060919
-0.03535425243899226
-0.035887868609279394
-0.03656868124380708
-0.03731078281998634
-0.03822507988661528
-0.0392064549960196
-0.04039878770709038
-0.04166598105803132
-0.04316961206495762
-0.04477045265957713
-0.046661837492138154
-0.04867339227348567
-0.050839380361139774
-0.053047602064907544
-0.05583536298945546
-0.05894548632204531
-0.06266564037650824
-0.06674589775502682
-0.07151120528578758
-0.07674184674397111
-0.08274234971031547
-0.08939396869391203
-0.09680424397811294
-0.10512534761801363
-0.11407516431063415
-0.12381895491853356
-0.13110468909144404
-0.13550621969625357
-0.13763560494408014
-0.13760401587933302
-0.13630479015409946
-0.1338063795119524
-0.1304231625981629
-0.12632534001022577
-0.12170530250295997
-0.11675738822668792
-0.11157543119043113
-0.106343278195709
-0.10109019186347724
-0.09596096305176617
-0.0909463819116354
-0.08615243481472133
-0.08154019061475992
-0.07719328114762902
-0.07305590156465769
-0.06919787591323256
-0.06555510684847832
-0.062186398077756166
-0.059028135612607
-0.05612426111474633
-0.053419727832078934
-0.05094373179599643
-0.048648832365870476
-0.04655398754402995
-0.044617742300033576
-0.042853590101003654
-0.041234048549085855
-0.0397637439891696
-0.03842022456228733
-0.0372029640711844
-0.03610101202502847
-0.035104287788271904
-0.03421651432290673
-0.03341868007555604
-0.032717869617044926
-0.03209008136764169
-0.03155671851709485
-0.03108130395412445
-0.03069844096899033
-0.030364766716957092
-0.03012183913961053
-0.029916747473180298
-0.0298054008744657
-0.029722845181822777
-0.02973547577857972
-0.029772754292935136
-0.029911004006862644
-0.03007036354392767
-0.03033971320837736
-0.03063099831342697
-0.030938018113374707
-0.031220996752381325
-0.0315827326849103
-0.03196623269468546
-0.032461258582770824
-0.0330153526738286
-0.033700404688715935
-0.034467372577637434
-0.03538286709226668
-0.03639833629131317
-0.037583305267617106
-0.03890445618890226
-0.04042142629623414
-0.042123482096940286
-0.04406517557799816
-0.046230355743318796
-0.04869480035267771
-0.05145002854987979
-0.05459961201995611
-0.058122487273067236
-0.062176554929465055
-0.06672009802423418
-0.07200772571377458
-0.07764125172980131
-0.0814864872954786
-0.08318856300320475
-0.0831723747542128
-0.08196221641264857
-0.07982087880373
-0.07710383692756295
-0.07395960472058506
-0.07062092307023703
-0.06715174310375005
-0.06370301265269518
-0.06029841024428607
-0.05703077488578856
-0.05388788867276162
-0.05093148641753942
-0.04814342764439062
-0.04555446805898101
-0.043145663337782025
-0.040928354021161795
-0.03888150001876056
-0.037008903513196856
-0.03529181069461629
-0.03372815251350403
-0.03230741707375273
-0.031016962020657957
-0.029856884793844074
-0.02880613986053504
-0.027872761071193963
-0.027027298929169774
-0.026284975290764127
-0.025613907229853794
-0.025038287916686386
-0.024516709818271917
-0.02408493222901598
-0.023694469302427024
-0.02338708989555016
-0.02310957427835092
-0.02285866648890078
-0.0225961331743747
-0.02238876640331
-0.022193723765667528
-0.022063373005948964
-0.021956050070002675
-0.02191405527992174
-0.021901371772401035
-0.021950378140900284
-0.02203327335882932
-0.022174328507389873
-0.02234763506567106
-0.022574225789867345
-0.02284068951848894
-0.023156879295129322
-0.023520734044723216
-0.023930242925416678
-0.024391582643147558
-0.024892712535802275
-0.02545854076743126
-0.026064730423968285
-0.026746413961518556
-0.027464822051115334
-0.028273941017687314
-0.029121245839633044
-0.030074513517320156
-0.03106836590450257
-0.0321838955860585
-0.03334428230300546
-0.03466650377959014
-0.036032241536304355
-0.037584108533337705
-0.03919409669470042
-0.04102411260828376
-0.042923367582261555
-0.04507773742079735
-0.047328339656814926
-0.04989439737983048
-0.05257864505983889
-0.05563179450109601
-0.05884614051319659
-0.06250638398341835
-0.0663782893680036
-0.07075573690235616
-0.07541224756278098
-0.08057723264209928
-0.08611546386964619
-0.09212952293455601
-0.0986375967040658
-0.10553002869710326
-0.11154918512329459
-0.11517045181244612
-0.11633275728672743
-0.11585913319140673
-0.1138732968829572
-0.11080839252099393
-0.10686350427567959
-0.10237829247489573
-0.09750979114323854
-0.09249862655997276
-0.08743128646165133
-0.08245735289528966
-0.07761942548677325
-0.07301739836111663
-0.06864653388038278
-0.06457578763365746
-0.06077361525967717
-0.05728990025818348
-0.054075321182608604
-0.051175912376493216
-0.048528553918004036
-0.04617812531068921
-0.04405383579432964
-0.0422074724920094
-0.040559245739132166
-0.03917301213368774
-0.037960299756377935
-0.03699298994615674
-0.03618310298770666
-0.035523099824786186
-0.03496240731328726
-0.034600602462887764
-0.03437764151021838
-0.034385913982987404
-0.034565028268843896
-0.035008393693715334
-0.03566901758313179
-0.03664496215060353
-0.03790285997092724
-0.03956513898447156
-0.04162098094820976
-0.044247527141124
-0.0474678948521614
-0.05157610634341837
-0.056650881189852946
-0.056650881189852946
-0.056650881189852946
-0.056650881189852946
-0.056650881189852946
-0.056650881189852946
-0.056650881189852946
-0.056650881189852946
-0.056650881189852946
-0.056650881189852946
-0.056650881189852946
-0.056650881189852946
-0.056650881189852946
